100000000
101111110
101000000
101000000
101000000
101000000
101111110
100000000
100000000
101111110
100011000
100011000
100011000
100011000
100011000
100000000
100000000
101111100
101000000
101000000
101111100
101000000
101000000
101000000
100000000
100000000
100000000
100111100
100111100
100000000
100000000
100000000
100000000
101111100
101000010
101000010
101111100
101000010
101000010
101111100
100000000
101111000
101000100
101000100
101111000
101100000
101010000
101001000
100000000
100011000
100100000
100100000
101000000
100100000
100100000
100011000
100000000
101000000
101000000
101000000
101000000
101000000
101111110
100000000
100000000
100011000
100100100
101000010
101000010
100100100
100011000
100000000
100000000
101111110
101000000
101000000
101000000
101000000
101111110
100000000
100000000
100011000
100100100
101000010
101000010
101111110
101000010
101000010
100000000
101111110
100011000
100011000
100011000
100011000
100011000
100000000
100000000
101111100
101000000
101000000
101111100
101000000
101000000
101111100
100000000
100000000
100000000
100000000
100000000
100000000
100000000
100111100
100000000
100011000
100100100
101000010
101000010
101111110
101000010
101000010
100000000
101000010
101100010
101010010
101001010
101000110
101000010
100000000
100000000
101111000
101000100
101000010
101000010
101000100
101111000
100000000
100000000
100000000
100000000
100000000
100000000
100000000
100000000
100111100
100000000
101000100
101001000
101010000
101100000
101010000
101001000
101000100
100000000
101111110
100011000
100011000
100011000
100011000
101111110
100000000
100000000
101000000
101000000
101000000
101000000
101000000
101111110
100000000
100000000
101000000
101000000
101000000
101000000
101000000
101111110
100000000
100000000
100000000
100000000
100000000
100000000
100000000
100000000
100111100
100000000
101111000
101000100
101000100
101111000
101100000
101010000
101001000
100000000
101111100
101000000
101000000
101111100
101000000
101000000
101111100
100000000
101000001
101100011
101010101
101001001
101000001
101000001
100000000
100000000
100111110
101000000
101000000
100111100
100000010
100000010
100111110
100000000
100011000
100000100
100000100
100000010
100000100
100000100
100011000
