110011100
111100010
111011100
111011100
111011100
111011100
111100010
110011100
110011100
111100010
110000100
110000100
110000100
110000100
110000100
110011100
110011100
111100000
111011100
111011100
111100000
111011100
111011100
111011100
110011100
110011100
110011100
110100000
110100000
110011100
110011100
110011100
110011100
111100000
111011110
111011110
111100000
111011110
111011110
111100000
110011100
111100100
111011000
111011000
111100100
111111100
111001100
111010100
110011100
110000100
110111100
110111100
111011100
110111100
110111100
110000100
110011100
111011100
111011100
111011100
111011100
111011100
111100010
110011100
110011100
110000100
110111000
111011110
111011110
110111000
110000100
110011100
110011100
111100010
111011100
111011100
111011100
111011100
111100010
110011100
110011100
110000100
110111000
111011110
111011110
111100010
111011110
111011110
110011100
111100010
110000100
110000100
110000100
110000100
110000100
110011100
110011100
111100000
111011100
111011100
111100000
111011100
111011100
111100000
110011100
110011100
110011100
110011100
110011100
110011100
110011100
110100000
110011100
110000100
110111000
111011110
111011110
111100010
111011110
111011110
110011100
111011110
111111110
111001110
111010110
111011010
111011110
110011100
110011100
111100100
111011000
111011110
111011110
111011000
111100100
110011100
110011100
110011100
110011100
110011100
110011100
110011100
110011100
110100000
110011100
111011000
111010100
111001100
111111100
111001100
111010100
111011000
110011100
111100010
110000100
110000100
110000100
110000100
111100010
110011100
110011100
111011100
111011100
111011100
111011100
111011100
111100010
110011100
110011100
111011100
111011100
111011100
111011100
111011100
111100010
110011100
110011100
110011100
110011100
110011100
110011100
110011100
110011100
110100000
110011100
111100100
111011000
111011000
111100100
111111100
111001100
111010100
110011100
111100000
111011100
111011100
111100000
111011100
111011100
111100000
110011100
111011101
111111111
111001001
111010101
111011101
111011101
110011100
110011100
110100010
111011100
111011100
110100000
110011110
110011110
110100010
110011100
110000100
110011000
110011000
110011110
110011000
110011000
110000100
