6669002
1851860869
754944855
596851942
442272972
1415456753
1090327440
1163301833
1463032738
903987597
1330766229
1885119347
428850178
1028805157
704423491
1424149979
886442878
1320133912
1214032399
894218373
632552007
1965935598
994794568
846049899
1644067196
334651141
716063123
1218791798
1569413573
1929581953
306327978
1576082575
1633959174
1061272834
25450869
2076232146
329245939
1115778310
1092050332
1792278677
2019765907
275332913
1529914376
301132438
1304138070
86854220
1725282417
43097300
1406988132
791831168
937315673
2039540139
610283119
1932110241
738106390
106866667
119277735
1454169514
1325658465
1688691308
1236267819
1631986444
1117290235
722743345
545775630
1142741105
651491843
875021569
111035767
1743542175
519816598
2130801674
2018875088
2049730975
284450464
1175529510
2136585195
2009732881
1218626810
1396089679
654080402
8458836
1288146170
1264363521
1940569077
2026252561
1371230188
2059846812
1332938427
549405005
1601054472
421722598
33907801
570861060
1144465943
579683431
1713602165
1795957786
1454705000
1824637932
