174293452
860969159
308806059
1425129707
601551263
1514655145
1445934848
2078844533
685730263
1803105349
1101047420
724557717
1605983348
581652871
1584725764
1998711991
1995406978
806997872
703132403
1130834908
811549778
1323772164
137965000
402951401
1151201817
173352364
2075198386
1505989783
1609017261
1989972209
1916612894
1783310713
703457721
77935305
1060956773
1305008984
1592590450
359407973
1236369869
130837065
15029674
189933641
855394782
1621013022
771586512
292636898
1472241366
619509843
1099634770
27890121
1750344751
1911184548
1351662285
1888309752
166652302
355380454
2061662116
94367040
1861370238
1523195729
2084339250
1630499484
1159022794
640313323
1708434789
72495919
1945322307
1153541591
431903893
1034208528
1284378656
446933567
1224142170
2139773438
2067946590
1995728682
284926688
1392704308
467754877
1384561458
1420594429
70615981
1148262359
624773066
1958925733
1314914661
980153521
1873104201
1409281701
694040111
1248816282
1346137303
177055947
260355428
1986450626
1885490736
332851348
1784289285
891548679
764755241
